f <- 
c(0.440998630889568, 0.450113528572208, 0.459220531748511,
0.468386150742987, 0.477522389126685, 0.486707497702613, 0.495901522162555,
0.505063553829377, 0.514231670525985, 0.523393429813718, 0.532560082267154,
0.541693646598948, 0.550799414177411, 0.559887870924665, 0.568975253459781,
0.577992841489441, 0.586981009418367, 0.595940081944633, 0.604822086568989,
0.613678294854123, 0.622467698804287, 0.631211934615115, 0.63986670563082,
0.648500945463141, 0.656995868810152, 0.665470043689658, 0.673845300044703,
0.682138640729464, 0.690350660195146, 0.698461357258349, 0.706475448252803,
0.714399775459101, 0.722216984066125, 0.729896484111693, 0.737500237200944,
0.744984264533538, 0.752334821189256, 0.759580131127616, 0.766691591826671,
0.773696054960677, 0.780536214769463, 0.787216653394602, 0.793809303095773,
0.800224203656213, 0.806525552666508, 0.812639063940253, 0.818631728261887,
0.824437466129814, 0.830122436804168, 0.835619478078591, 0.840955892822749,
0.846147536273526, 0.851144003161248, 0.855966297278219, 0.860620895043564,
0.865133263648433, 0.869413502266039, 0.873531791083578, 0.877460437866545,
0.881214892505333, 0.884782855350819, 0.888140968898072, 0.891328590901864,
0.894304092371421, 0.897113814974662, 0.899668528471484, 0.902061710382954,
0.9042701287459, 0.906261501785609, 0.908015834817341, 0.909605970893482,
0.910951723096274, 0.912135380401574, 0.913083130775587, 0.913816779856812,
0.914353200223136, 0.914683354381112, 0.914798910845274, 0.914681618368847,
0.914404879968161, 0.913842926466962, 0.913106657781507, 0.912139968685924,
0.910976212059695, 0.909598357064719, 0.907989830782467, 0.906164791142667,
0.904149040039698, 0.901898331999257, 0.899435088091491, 0.896769576313709,
0.893887701334576, 0.890758263306265, 0.887477637020768, 0.883930652508511,
0.880198339521149, 0.876230977645707, 0.87206008311427, 0.867686453211717,
0.863144273220951, 0.85834403894676, 0.853360864869531, 0.848137055291352,
0.842730454297523, 0.837139882112889, 0.831319413568226, 0.825312442721314,
0.819120006262004, 0.812702342787364, 0.806105780715059, 0.799302410077289,
0.792293821835112, 0.785130186552992, 0.777753564026663, 0.770193991622595,
0.762447332384153, 0.754497942450889, 0.746392563996523, 0.73808327041581,
0.7296096174527, 0.720967089701439, 0.712123040343725, 0.703122061155473,
0.693948601903185, 0.684590761902671, 0.67508877575202, 0.665416670735066,
0.655574057303038, 0.645558486968235, 0.635394225418581, 0.6250903487789,
0.614588803940061, 0.603982490248741, 0.593211700591332, 0.582292335816156,
0.571228317364171, 0.560016958069789, 0.548695437128306, 0.537180310432631,
0.52554865557017, 0.513796173997449, 0.501900250144872, 0.489878709564121,
0.47772378711986, 0.465461187222194, 0.453037085088913, 0.440534542058179,
0.427899871608093, 0.415143315223506, 0.402284238924658, 0.389278071590439,
0.376215671023167, 0.363026866290369, 0.349731506164169, 0.336328483060003,
0.32283606103015, 0.309234705868744, 0.295531653795323, 0.281716727773508,
0.267854499621524, 0.253896096437017, 0.239813658265472, 0.225690399517718,
0.21143939233768, 0.197130032510282, 0.182738475503338, 0.168279698646746,
0.153728745456435, 0.139122914018394, 0.12444367426689, 0.109661437817018,
0.0948325982375748, 0.0799632370187929, 0.0650201824975817, 0.0499801471211982,
0.0349063572019999, 0.0197583940569985, 0.00457430597728184,
-0.0106750562350468, -0.0259819087304769, -0.0413238343805648,
-0.0567432491075198, -0.072187646729696, -0.0876716767795051,
-0.103237220028677, -0.118815097624758, -0.134454479913306, -0.150123751088403,
-0.165844215064224, -0.181591855411483, -0.197383821766641, -0.213180799046218,
-0.229034083593171, -0.244935521117298, -0.260847958351738, -0.276780153376968,
-0.292765081619168, -0.308751812981498, -0.324765693185992, -0.340809998514759,
-0.356891713480312, -0.372983038345597, -0.389067271930397, -0.405186933242445,
-0.42135069594042, -0.437509630735877, -0.453675663159346, -0.469835371215965,
-0.486036353393222, -0.502237746530944, -0.518425651795433, -0.53466621388546,
-0.550894429230127, -0.567104714280445, -0.583348505385613, -0.599569914761855,
-0.615813375176054, -0.632034493303631, -0.648254997701789, -0.66446165024241,
-0.680683927359615, -0.696919758212705, -0.713125506736077, -0.729313185023881,
-0.745503701189507, -0.761663989292687, -0.777816748204532, -0.793972656652016,
-0.810110103170129, -0.826182597195425, -0.842266153776299, -0.858332581078961,
-0.874389822109952, -0.890405171481544, -0.90637460238531, -0.92233621201279,
-0.938268185907909, -0.954191548771672, -0.970050963068018, -0.985881586460564,
-1.00165348728719, -1.0174283229163, -1.03313114178765, -1.04880228286723,
-1.06441440276329, -1.08003412484815, -1.09555533749018, -1.11102657956879,
-1.12647100532728, -1.14183503646033, -1.15715770440617, -1.17241631461074,
-1.18763330018263, -1.20275182128498, -1.21784942564229, -1.23283592330367,
-1.24778018625205, -1.26263117312075, -1.27743122842698, -1.29215169232015,
-1.30678846074229, -1.32133473993198, -1.33581507301354, -1.3502017360764,
-1.36448268234907, -1.37871389834838, -1.39283159067724, -1.40683720275292,
-1.42077690231776, -1.43458440328944, -1.44831668551663, -1.46191330024166,
-1.47544700248628, -1.48883223943432, -1.50210211448325, -1.51527668991279,
-1.52832461700986, -1.54127015661895, -1.55405358024085, -1.56672303317631,
-1.57926539149219, -1.59167913446228, -1.60396265329916, -1.61611500925568,
-1.62812135434068, -1.63997212050739, -1.65169581691827, -1.66326129450067,
-1.67468257051678, -1.68595353563062, -1.69705712899514, -1.70800097153878,
-1.7187991853342, -1.7294421526507, -1.73988710398451, -1.75018377543747,
-1.76034165269266, -1.77027320649217, -1.78006255455153, -1.78962666568772,
-1.79907382678803, -1.80827599711757, -1.81732546819314, -1.82619527882781,
-1.83488565326217, -1.84334350155618, -1.85161752185376, -1.85971109899479,
-1.86760567567596, -1.87527963536968, -1.88279340964123, -1.89006868160667,
-1.8971401526598, -1.90398474805912, -1.91063677642998, -1.91710326820339,
-1.9233153611612, -1.92935333167549, -1.93515785239521, -1.94073840886318,
-1.94609230747761, -1.9512471350661, -1.95616999102551, -1.96087061259774,
-1.96533521821557, -1.96958109120448, -1.97361117278961, -1.97741154751609,
-1.98098009355108, -1.98430655702852, -1.98743031258619, -1.9902973157363,
-1.99295879625248, -1.99536252983704, -1.99753946145524, -1.99952309977051,
-2.00124328721303, -2.00270255848501, -2.0039977330993, -2.00501541454779,
-2.00581425857409, -2.00639287164024, -2.00671410837182, -2.00683469884555,
-2.0067094528807, -2.00636500114517, -2.00576521175736, -2.00497349878768,
-2.00392176589232, -2.00268158915877, -2.00119070004915, -1.99946804761498,
-1.99756358904573, -1.99540653554477, -1.99304048943016, -1.99044555564255,
-1.987647363548, -1.98464333336053, -1.98140362052936, -1.97796972734118,
-1.97431439783368, -1.97048202911776, -1.96640959292857, -1.96217116928967,
-1.95768231405412, -1.95303952990913, -1.94821534801203, -1.94316415900932,
-1.93794576499095, -1.93252384413279, -1.92692499805044, -1.92113851727078,
-1.91519131544616, -1.90907531575339, -1.90275887017664, -1.89626931039742,
-1.88963603078351, -1.88284631600909, -1.87591472851532, -1.86878899503264,
-1.86154832982101, -1.85411852807854, -1.84657770802372, -1.83890491815302,
-1.83107047741087, -1.8231247470533, -1.81502567702603, -1.80683681121207,
-1.79848633908071, -1.79003368735093, -1.78147707284326, -1.7728310542674,
-1.76405193980347, -1.75518390880469, -1.7461900234697, -1.7371455840409,
-1.72799339126106, -1.71876599766845, -1.70944669512693, -1.7000790026504,
-1.69060367436042, -1.68107812521242, -1.67151505443694, -1.66186502360672,
-1.65218553670718, -1.64245207459836, -1.63265317676248, -1.62280792329136,
-1.61296359794898, -1.60307717538326, -1.59316091942436, -1.58321974492845,
-1.57324539864103, -1.56326508258731, -1.55330481963194, -1.54330750207706,
